#FIG 3.2
Landscape
Center
Inches
Letter  
100.00
Single
-2
1200 2
6 2250 3900 3225 4800
2 1 0 1 0 7 50 0 -1 0.000 0 0 -1 0 0 4
	 2250 4350 3225 3900 3225 4800 2250 4350
4 0 0 50 0 18 12 0.0000 4 150 435 2625 4425 copy\001
-6
6 4575 3450 5550 4350
2 1 0 1 0 7 50 0 -1 0.000 0 0 -1 0 0 4
	 4575 3900 5550 3450 5550 4350 4575 3900
4 0 0 50 0 18 12 0.0000 4 150 435 4950 3975 copy\001
-6
2 1 0 1 0 7 50 0 -1 0.000 0 0 -1 0 0 2
	 1200 3600 2250 4350
2 1 0 1 0 7 50 0 -1 0.000 0 0 -1 0 0 3
	 1200 3600 2475 3000 3600 3450
2 1 0 1 0 7 50 0 -1 0.000 0 0 -1 0 0 2
	 3600 3450 4650 3075
2 1 0 1 0 7 50 0 -1 0.000 0 0 -1 0 0 2
	 3600 3450 4575 3900
2 1 0 1 0 7 50 0 -1 0.000 0 0 -1 0 0 2
	 2475 3000 5250 1125
2 1 0 1 0 7 50 0 -1 0.000 0 0 -1 0 0 2
	 3375 2400 4275 2625
2 1 0 1 0 7 50 0 -1 0.000 0 0 -1 0 0 2
	 4275 1800 5250 1950
4 0 0 50 0 18 12 0.0000 4 135 120 3675 2700 T\001
4 0 0 50 0 18 12 0.0000 4 135 120 4650 2100 T\001
4 0 0 50 0 18 12 0.0000 4 135 120 1500 4125 T\001
4 0 0 50 0 18 12 0.0000 4 135 135 1725 3225 H\001
4 0 0 50 0 18 12 0.0000 4 135 135 2775 2625 H\001
4 0 0 50 0 18 12 0.0000 4 135 135 4575 1425 H\001
4 0 0 50 0 18 12 0.0000 4 135 135 3675 2025 H\001
4 0 0 50 0 18 12 0.0000 4 135 120 3975 3900 T\001
4 0 0 50 0 18 12 0.0000 4 135 135 3975 3225 H\001
4 0 0 50 0 18 12 0.0000 4 135 270 1800 3975 1/2\001
4 0 0 50 0 18 12 0.0000 4 135 270 1950 3450 1/2\001
4 0 0 50 0 18 12 0.0000 4 135 270 3000 2850 1/2\001
4 0 0 50 0 18 12 0.0000 4 135 270 3900 2475 1/2\001
4 0 0 50 0 18 12 0.0000 4 135 270 3975 2175 1/2\001
4 0 0 50 0 18 12 0.0000 4 135 270 4875 1875 1/2\001
4 0 0 50 0 18 12 0.0000 4 135 270 4950 1500 1/2\001
4 0 0 50 0 18 12 0.0000 4 135 270 4275 3375 1/2\001
4 0 0 50 0 18 12 0.0000 4 135 270 4200 3675 1/2\001
4 0 0 50 0 18 12 0.0000 4 135 270 3150 3225 1/2\001
4 0 0 50 0 18 12 0.0000 4 135 120 3000 3450 T\001
4 0 0 50 0 18 12 0.0000 4 135 345 5400 1125 etc.\001
4 0 0 50 0 18 12 0.0000 4 180 1395 5325 2025 I win, pr. = 1/16\001
4 0 0 50 0 18 12 0.0000 4 180 1290 4350 2700 I win, pr. = 1/8\001
4 0 0 50 0 18 12 0.0000 4 180 1560 4725 3075 you win, pr. = 1/8\001
