#FIG 3.2
Portrait
Center
Inches
Letter  
600.00
Single
-2
1200 2
6 590 452 3805 2515
5 1 0 1 0 7 50 0 -1 0.000 0 1 1 0 788.127 651.282 985 637 665 497 855 837
	1 1 1.00 60.00 120.00
5 1 0 1 0 7 50 0 -1 0.000 0 1 1 0 1988.126 651.282 2185 637 1865 497 2055 837
	1 1 1.00 60.00 120.00
5 1 0 1 0 7 50 0 -1 0.000 0 1 1 0 3193.126 651.282 3390 637 3070 497 3260 837
	1 1 1.00 60.00 120.00
5 1 0 1 0 7 50 0 -1 0.000 0 1 1 0 1515.000 1442.000 915 992 765 1442 915 1892
	1 1 1.00 60.00 120.00
5 1 0 1 0 7 50 0 -1 0.000 0 1 1 0 615.000 1442.000 1215 1892 1365 1442 1215 992
	1 1 1.00 60.00 120.00
5 1 0 1 0 7 50 0 -1 0.000 0 0 1 0 1669.688 2720.782 1275 1992 1665 1892 2055 1987
	1 1 1.00 60.00 120.00
5 1 0 1 0 7 50 0 -1 0.000 0 0 1 0 1683.654 1225.269 2070 2117 1670 2197 1275 2107
	1 1 1.00 60.00 120.00
5 1 0 1 0 7 50 0 -1 0.000 0 0 1 0 2874.688 2720.782 2480 1992 2870 1892 3260 1987
	1 1 1.00 60.00 120.00
5 1 0 1 0 7 50 0 -1 0.000 0 0 1 0 2878.654 1225.269 3265 2117 2865 2197 2470 2107
	1 1 1.00 60.00 120.00
5 1 0 1 0 7 50 0 -1 0.000 0 1 1 0 1830.000 1442.000 2430 1892 2580 1442 2430 992
	1 1 1.00 60.00 120.00
5 1 0 1 0 7 50 0 -1 0.000 0 1 1 0 3030.000 1442.000 3630 1892 3780 1442 3630 992
	1 1 1.00 60.00 120.00
5 1 0 1 0 7 50 0 -1 0.000 0 1 1 0 2705.000 1442.000 2105 992 1955 1442 2105 1892
	1 1 1.00 60.00 120.00
5 1 0 1 0 7 50 0 -1 0.000 0 1 1 0 3925.000 1442.000 3325 992 3175 1442 3325 1892
	1 1 1.00 60.00 120.00
5 1 0 1 0 7 50 0 -1 0.000 0 0 1 0 2424.831 2334.542 2455 2157 2535 2477 2260 2262
	1 1 1.00 60.00 120.00
5 1 0 1 0 7 50 0 -1 0.000 0 0 1 0 1219.831 2334.542 1250 2157 1330 2477 1055 2262
	1 1 1.00 60.00 120.00
5 1 0 1 0 7 50 0 -1 0.000 0 0 1 0 3624.831 2334.542 3655 2157 3735 2477 3460 2262
	1 1 1.00 60.00 120.00
1 3 0 1 0 7 50 0 -1 0.000 1 0.0000 1074 833 212 212 1074 833 924 683
1 3 0 1 0 7 50 0 -1 0.000 1 0.0000 2266 841 212 212 2266 841 2116 691
1 3 0 1 0 7 50 0 -1 0.000 1 0.0000 3479 832 212 212 3479 832 3329 682
1 3 0 1 0 7 50 0 -1 0.000 1 0.0000 1061 2046 212 212 1061 2046 911 1896
1 3 0 1 0 7 50 0 -1 0.000 1 0.0000 3472 2046 212 212 3472 2046 3322 1896
1 3 0 1 0 7 50 0 -1 0.000 1 0.0000 2262 2043 212 212 2262 2043 2112 1893
4 1 0 50 0 0 14 0.0000 4 150 210 1070 907 13\001
4 1 0 50 0 0 14 0.0000 4 150 210 2255 912 12\001
4 1 0 50 0 0 14 0.0000 4 150 210 3475 907 26\001
4 1 0 50 0 0 14 0.0000 4 150 105 3465 2112 8\001
4 1 0 50 0 0 14 0.0000 4 150 105 2260 2112 4\001
4 1 0 50 0 0 14 0.0000 4 150 210 1055 2117 10\001
-6
