#FIG 3.2
Portrait
Center
Inches
Letter  
60.00
Single
-2
1200 2
6 0 0 1950 1725
5 1 0 1 0 7 50 0 -1 0.000 0 1 1 0 874.323 280.017 1127 274 716 83 928 527
	1 1 1.00 60.00 120.00
5 1 0 1 0 7 50 0 -1 0.000 0 1 1 0 288.656 1195.797 526 1229 94 1056 315 1434
	1 1 1.00 60.00 120.00
5 1 0 1 0 7 50 0 -1 0.000 0 0 1 0 1120.209 1525.050 725 1348 1118 1092 1523 1366
	1 1 1.00 60.00 120.00
6 300 1200 750 1725
1 3 0 1 0 7 50 0 -1 0.000 1 0.0000 533 1449 212 212 533 1449 383 1299
4 1 0 50 0 0 14 0.0000 4 150 105 525 1500 5\001
-6
6 1500 1200 1950 1650
1 3 0 1 0 7 50 0 -1 0.000 1 0.0000 1733 1438 212 212 1733 1438 1583 1288
4 1 0 50 0 0 14 0.0000 4 150 105 1725 1500 6\001
-6
1 3 0 1 0 7 50 0 -1 0.000 1 0.0000 1139 493 212 212 1139 493 989 343
4 1 0 50 0 0 14 0.0000 4 150 105 1125 525 4\001
-6
